111.25,-81.33,209.50,-82.83
209.50,-82.83,207.75,-74.33
207.75,-74.33,170.00,-74.33
170.00,-74.33,135.12,-74.50
135.12,-74.50,114.25,-74.67
114.25,-74.67,111.25,-81.33
207.75,-74.33,207.50,-69.33
207.50,-69.33,207.50,-64.42
207.50,-64.42,204.88,-64.42
204.88,-64.42,204.88,-63.42
204.88,-63.42,194.50,-63.33
194.50,-63.33,179.00,-63.33
179.00,-63.33,170.00,-63.33
170.00,-63.33,170.00,-74.33
224.00,-69.50,258.50,-69.83
258.50,-69.83,258.12,-66.25
258.12,-66.25,255.63,-66.25
255.63,-66.25,255.63,-64.67
255.63,-64.67,254.25,-64.67
254.25,-64.67,254.25,-62.08
254.25,-62.08,251.75,-62.08
251.75,-62.08,251.75,-60.67
251.75,-60.67,249.00,-60.67
249.00,-60.67,249.00,-59.67
249.00,-59.67,232.50,-59.58
232.50,-59.58,232.50,-60.58
232.50,-60.58,230.00,-60.58
230.00,-60.58,230.00,-63.92
230.00,-63.92,226.25,-63.92
226.25,-63.92,226.25,-68.00
226.25,-68.00,224.00,-68.00
224.00,-68.00,224.00,-69.50
209.50,-82.83,277.00,-81.50
277.00,-81.50,274.00,-75.00
274.00,-75.00,273.25,-66.50
273.25,-66.50,265.62,-66.42
265.62,-66.42,258.12,-66.25
224.00,-69.50,207.50,-69.33
207.50,-69.33,207.75,-74.33
274.00,-75.00,323.00,-73.58
323.00,-73.58,322.50,-58.50
322.50,-58.50,307.50,-58.42
307.50,-58.42,307.50,-55.33
307.50,-55.33,272.50,-57.00
272.50,-57.00,265.12,-57.00
265.12,-57.00,265.62,-66.42
323.00,-73.58,352.00,-73.67
352.00,-73.67, 1.75,-73.67
 1.75,-73.67, 1.75,-80.17
 1.75,-80.17,50.00,-81.92
50.00,-81.92,46.38,-83.42
46.38,-83.42,107.50,-84.83
107.50,-84.83,111.25,-81.33
307.50,-55.33,307.12,-44.83
307.12,-44.83,289.62,-44.75
289.62,-44.75,272.25,-44.50
272.25,-44.50,272.50,-57.00
352.00,-73.67,351.87,-65.25
351.87,-65.25,332.50,-65.17
332.50,-65.17,332.00,-55.67
332.00,-55.67,332.00,-48.67
332.00,-48.67,322.12,-48.58
322.12,-48.58,322.12,-45.00
322.12,-45.00,307.12,-44.83
 1.75,-73.67,12.50,-73.67
12.50,-73.67,12.50,-74.67
12.50,-74.67,20.50,-74.67
20.50,-74.67,21.25,-56.17
21.25,-56.17,351.75,-56.25
351.75,-56.25,351.75,-55.67
351.75,-55.67,332.00,-55.67
98.50,-69.92,68.75,-68.25
50.00,-81.92,52.00,-73.42
52.00,-73.42,68.00,-73.25
68.00,-73.25,68.75,-68.25
68.75,-68.25,68.75,-66.75
68.75,-66.75,48.25,-67.00
48.25,-67.00,33.25,-67.00
33.25,-67.00,33.50,-56.08
33.50,-56.08,21.25,-56.17
97.75,-74.83,114.25,-74.67
135.12,-74.50,136.12,-63.50
136.12,-63.50,102.75,-63.83
102.75,-63.83,98.88,-63.92
98.88,-63.92,98.50,-69.92
98.50,-69.92,97.75,-74.83
166.25,-56.83,170.00,-56.83
170.00,-56.83,170.00,-63.33
179.00,-63.33,179.00,-54.33
179.00,-54.33,194.50,-54.33
194.50,-54.33,194.50,-63.33
204.88,-63.42,220.50,-63.50
220.50,-63.50,220.25,-54.50
220.25,-54.50,214.50,-54.33
214.50,-54.33,214.37,-41.42
214.37,-41.42,225.75,-41.50
225.75,-41.50,225.62,-30.00
225.62,-30.00,190.37,-29.83
190.37,-29.83,190.37,-32.33
190.37,-32.33,185.50,-32.33
185.50,-32.33,185.50,-34.33
185.50,-34.33,166.50,-34.33
166.50,-34.33,166.25,-56.83
225.62,-30.00,237.00,-28.17
207.50,-69.33,224.00,-69.50
232.50,-59.58,232.50,-54.58
232.50,-54.58,228.12,-54.50
228.12,-54.50,220.25,-54.50
249.00,-59.67,248.50,-44.25
248.50,-44.25,248.50,-41.67
248.50,-41.67,242.00,-41.67
242.00,-41.67,237.13,-41.67
237.13,-41.67,237.25,-47.67
237.25,-47.67,232.25,-47.67
232.25,-47.67,232.25,-53.50
232.25,-53.50,228.12,-53.50
228.12,-53.50,228.12,-54.50
272.25,-44.50,269.75,-44.50
269.62,-36.92,269.75,-44.50
269.75,-44.50,248.50,-44.25
133.25,-55.00,127.50,-55.00
127.50,-55.00,127.50,-52.50
127.50,-52.50,123.50,-52.50
123.50,-52.50,123.50,-50.83
123.50,-50.83,120.75,-50.92
120.75,-50.92,90.62,-49.17
90.62,-49.17,90.62,-51.50
90.62,-51.50,93.00,-51.50
93.00,-51.50,93.00,-55.00
93.00,-55.00,98.25,-54.92
98.25,-54.92,98.25,-57.83
98.25,-57.83,103.00,-57.83
103.00,-57.83,102.75,-63.83
133.25,-57.00,166.25,-56.83
166.25,-56.83,166.38,-39.58
166.38,-39.58,141.75,-39.75
141.75,-39.75,141.75,-36.75
141.75,-36.75,126.75,-36.83
126.75,-36.83,126.50,-42.67
126.50,-42.67,121.00,-42.67
121.00,-42.67,120.75,-50.92
133.25,-55.00,133.25,-57.00
90.25,-64.00,98.88,-63.92
90.62,-49.17,90.75,-43.00
90.75,-43.00,76.00,-41.17
76.00,-41.17,73.38,-41.17
73.38,-41.17,73.38,-45.67
73.38,-45.67,68.50,-45.67
68.50,-45.67,68.50,-47.25
68.50,-47.25,68.25,-52.25
68.25,-52.25,75.62,-52.17
75.62,-52.17,75.62,-56.67
75.62,-56.67,83.00,-56.67
83.00,-56.67,82.88,-59.17
82.88,-59.17,90.25,-61.00
90.25,-61.00,90.25,-64.00
48.25,-67.00,48.75,-56.92
48.75,-56.92,53.25,-56.83
53.25,-56.83,53.25,-51.25
53.25,-51.25,58.25,-51.17
58.25,-51.17,58.25,-49.33
58.25,-49.33,62.13,-49.33
62.13,-49.33,62.13,-47.25
62.13,-47.25,64.88,-47.25
64.88,-47.25,65.00,-38.33
65.00,-38.33,57.88,-38.33
57.88,-38.33,57.88,-42.42
57.88,-42.42,52.38,-42.50
52.38,-42.50,52.38,-44.50
52.38,-44.50,46.00,-44.50
46.00,-44.50,46.00,-47.50
46.00,-47.50,41.00,-47.58
41.00,-47.58,41.00,-49.58
41.00,-49.58,37.38,-49.58
37.38,-49.58,37.38,-52.50
37.38,-52.50,33.62,-52.50
33.62,-52.50,33.50,-56.08
68.50,-47.25,62.13,-47.25
68.75,-66.75,69.38,-57.25
69.38,-57.25,65.62,-57.25
65.62,-57.25,65.62,-55.75
65.62,-55.75,60.75,-55.75
60.75,-55.75,60.75,-51.17
60.75,-51.17,58.38,-51.17
58.38,-51.17,53.25,-51.25
307.12,-44.83,307.00,-26.33
307.00,-26.33,302.00,-26.33
302.00,-26.33,301.75,-10.33
301.75,-10.33,284.75,-10.17
284.75,-10.17,284.75,-14.17
284.75,-14.17,275.50,-14.08
275.50,-14.08,265.87,-15.92
265.87,-15.92,266.00,-29.92
266.00,-29.92,269.50,-30.00
269.50,-30.00,269.62,-36.92
269.62,-36.92,289.62,-35.25
289.62,-35.25,289.62,-44.75
21.25,-56.33,21.25,-51.17
21.25,-51.17,24.87,-51.08
24.87,-51.08,24.87,-49.08
24.87,-49.08,28.75,-49.08
28.75,-49.08,28.75,-46.50
28.75,-46.50,36.25,-46.42
36.25,-46.42,36.25,-38.58
36.25,-38.58,26.38,-38.67
26.38,-38.67,351.62,-38.67
351.62,-38.67,351.75,-55.67
346.75,-23.17,346.75,-35.67
351.62,-38.67,351.62,-35.67
351.62,-35.67,346.75,-35.67
346.75,-35.67,322.00,-35.50
322.00,-35.50,322.12,-45.00
321.88,-26.50,322.00,-35.50
266.00,-29.92,253.25,-29.83
253.25,-29.83,253.12,-23.17
253.12,-23.17,245.75,-23.17
245.75,-23.17,245.75,-18.50
245.75,-18.50,247.50,-18.50
247.50,-18.50,247.50,-17.50
247.50,-17.50,245.75,-17.50
245.75,-17.50,245.75,-7.67
245.75,-7.67,240.37,-7.67
240.37,-7.67,240.50,-19.67
240.50,-19.67,236.87,-19.67
236.87,-19.67,237.00,-28.17
237.00,-28.17,241.88,-28.17
241.88,-28.17,242.00,-41.67
164.00,-24.83,179.12,-24.83
179.12,-24.83,179.12,-10.33
179.12,-10.33,179.12,-5.25
179.12,-5.25,174.50,-5.33
174.50,-5.33,162.87,-5.33
162.87,-5.33,162.87,-10.33
162.87,-10.33,162.75,-18.33
162.75,-18.33,164.00,-18.33
164.00,-18.33,164.00,-24.83
179.12,-24.83,190.37,-24.83
190.37,-24.83,190.37,-21.33
190.37,-21.33,194.25,-21.33
194.25,-21.33,194.25,-10.33
194.25,-10.33,179.12,-10.33
215.50,-24.92,225.62,-25.00
225.62,-25.00,225.62,-30.00
240.37,-7.67,240.37,-2.33
240.37,-2.33,227.88,-2.33
227.88,-2.33,227.88,0.50
227.88,0.50,221.62,0.50
221.62,0.50,221.62,-7.50
221.62,-7.50,215.50,-7.50
215.50,-7.50,215.50,-24.92
194.25,-21.33,215.50,-21.42
307.00,-26.33,321.88,-26.50
321.88,-26.50,321.88,-25.00
321.88,-25.00,329.75,-23.08
329.75,-23.08,329.62,-7.50
329.62,-7.50,321.75,-7.50
321.75,-7.50,321.75,-13.50
321.75,-13.50,309.62,-13.42
309.62,-13.42,309.62,-7.42
309.62,-7.42,301.75,-7.33
301.75,-7.33,301.75,-10.33
329.75,-23.08,346.75,-23.17
346.75,-23.17,359.12,-23.17
359.12,-23.17,359.25,-5.67
359.25,-5.67,359.25,-2.75
359.25,-2.75,342.88,-2.67
342.88,-2.67,342.88,2.67
342.88,2.67,331.62,2.67
331.62,2.67,331.62,2.25
331.62,2.25,326.62,2.25
326.62,2.25,326.62,3.33
326.62,3.33,323.62,3.33
323.62,3.33,323.62,2.50
323.62,2.50,321.62,2.50
321.62,2.50,314.12,2.42
314.12,2.42,309.62,2.42
309.62,2.42,309.62,-7.42
26.38,-38.67,26.50,-23.17
26.50,-23.17,359.12,-23.17
36.25,-38.58,46.13,-38.50
46.13,-38.50,46.13,-38.83
46.13,-38.83,53.62,-38.83
53.62,-38.83,53.62,-34.33
53.62,-34.33,57.50,-34.33
57.50,-34.33,57.50,-24.00
57.50,-24.00,41.12,-22.17
41.12,-22.17,26.50,-22.25
26.50,-22.25,26.50,-23.17
166.50,-34.33,164.00,-34.33
164.00,-34.33,164.00,-30.17
164.00,-30.17,160.25,-30.17
160.25,-30.17,160.25,-28.17
160.25,-28.17,155.25,-28.17
155.25,-28.17,155.25,-26.83
155.25,-26.83,147.62,-26.92
147.62,-26.92,147.62,-23.50
147.62,-23.50,141.87,-23.50
141.87,-23.50,141.75,-36.75
141.87,-23.50,137.75,-23.50
137.75,-23.50,137.75,-18.50
137.75,-18.50,130.12,-18.50
130.12,-18.50,130.12,-16.58
130.12,-16.58,127.00,-16.58
127.00,-16.58,126.75,-36.83
76.00,-41.17,76.25,-26.92
76.25,-26.92,73.75,-26.92
73.75,-26.92,71.75,-26.92
71.75,-26.92,71.75,-28.25
71.75,-28.25,69.88,-28.25
69.88,-28.25,69.88,-35.25
69.88,-35.25,65.00,-35.25
65.00,-35.25,65.00,-38.33
90.75,-43.00,99.75,-42.83
99.75,-42.83,99.88,-32.83
99.88,-32.83,92.88,-32.92
92.88,-32.92,93.00,-26.67
93.00,-26.67,76.25,-26.92
127.00,-16.58,127.00,-10.58
127.00,-10.58,122.75,-10.67
122.75,-10.67,112.00,-10.75
112.00,-10.75,111.75,-32.75
111.75,-32.75,99.88,-32.83
93.13,-11.00,93.00,-26.67
162.87,-10.33,145.38,-10.42
145.38,-10.42,145.50,6.42
145.50,6.42,140.50,6.50
140.50,6.50,123.00,6.67
123.00,6.67,122.88,0.33
122.88,0.33,122.75,-10.67
89.00,-11.00,93.13,-11.00
93.13,-11.00,112.00,-10.75
122.88,0.33,109.63,0.25
109.63,0.25,109.63,1.25
109.63,1.25,106.88,1.33
106.88,1.33,106.88,5.25
106.88,5.25,106.62,5.25
106.62,5.25,106.75,9.83
106.75,9.83,105.12,9.83
105.12,9.83,105.12,11.83
105.12,11.83,96.38,11.92
96.38,11.92,96.38,9.87
96.38,9.87,95.25,9.87
95.25,9.87,95.12,-4.00
95.12,-4.00,89.13,-4.00
89.13,-4.00,89.00,-11.00
89.00,-11.00,77.75,-9.17
77.75,-9.17,75.25,-9.17
75.25,-9.17,75.12,-13.75
75.12,-13.75,74.00,-13.75
74.00,-13.75,73.75,-26.92
41.12,-22.17,41.25,-0.75
41.25,-0.75,50.88,-0.67
50.88,-0.67,51.00,10.33
51.00,10.33,31.63,10.50
31.63,10.50,31.63,2.58
31.63,2.58, 6.62,2.67
 6.62,2.67, 6.62,-5.75
 6.62,-5.75,359.25,-5.67
259.25,-15.83,265.87,-15.92
275.50,-14.08,275.38,-2.08
275.38,-2.08,280.38,-2.17
280.38,-2.17,280.25,2.08
280.25,2.08,284.50,2.08
284.50,2.08,284.50,6.42
284.50,6.42,281.50,6.42
281.50,6.42,275.38,6.33
275.38,6.33,275.38,4.58
275.38,4.58,278.00,4.58
278.00,4.58,278.00,3.08
278.00,3.08,275.38,3.08
275.38,3.08,275.38,0.00
275.38,0.00,269.12,0.00
269.12,0.00,269.12,-4.00
269.12,-4.00,271.12,-4.00
271.12,-4.00,271.25,-10.00
271.25,-10.00,266.75,-9.92
266.75,-9.92,266.75,-10.25
266.75,-10.25,265.50,-10.25
265.50,-10.25,265.50,-9.92
265.50,-9.92,259.25,-9.83
259.25,-9.83,259.25,-15.83
309.62,2.42,306.00,2.42
306.00,2.42,306.00,8.83
306.00,8.83,303.62,8.83
303.62,8.83,303.50,16.17
303.50,16.17,299.00,16.08
299.00,16.08,299.00,16.42
299.00,16.42,286.37,16.42
286.37,16.42,286.37,18.67
286.37,18.67,284.37,18.58
284.37,18.58,284.50,12.17
284.50,12.17,281.50,12.08
281.50,12.08,281.50,6.42
321.62,2.50,321.50,13.00
321.50,13.00,318.25,13.00
318.25,13.00,318.25,12.33
318.25,12.33,317.25,12.33
317.25,12.33,314.75,12.25
314.75,12.25,314.75,6.42
314.75,6.42,314.12,6.42
314.12,6.42,314.12,2.42
317.25,12.33,317.25,20.00
317.25,20.00,309.75,19.92
309.75,19.92,309.75,20.92
309.75,20.92,305.12,20.92
317.25,20.00,320.25,20.00
320.25,20.00,320.25,24.00
320.25,24.00,322.75,24.00
322.75,24.00,322.75,28.50
322.75,28.50,315.12,28.42
315.12,28.42,315.12,29.50
315.12,29.50,296.25,29.33
296.25,29.33,296.25,27.75
296.25,27.75,290.12,27.75
290.12,27.75,290.12,25.67
290.12,25.67,284.25,25.67
284.25,25.67,284.25,21.25
77.75,-9.17,77.88,-2.17
77.88,-2.17,71.54,-2.25
71.54,-2.25,71.54,0.25
71.54,0.25,70.88,0.25
70.88,0.25,55.38,0.33
55.38,0.33,55.38,-0.67
55.38,-0.67,50.75,-0.67
281.50,12.08,275.25,12.08
275.25,12.08,275.25,14.33
275.25,14.33,260.25,14.25
260.25,14.25,260.25,12.67
260.25,12.67,252.75,12.58
252.75,12.58,252.88,3.75
252.88,3.75,245.62,3.67
245.62,3.67,245.62,-2.42
245.62,-2.42,240.37,-2.33
284.75,-10.17,284.62,-2.17
284.62,-2.17,280.38,-2.17
303.50,16.17,305.25,16.17
305.25,16.17,305.12,20.92
305.12,20.92,305.12,21.67
305.12,21.67,298.88,21.58
298.88,21.58,298.88,19.50
298.88,19.50,290.12,19.50
290.12,19.50,290.12,21.33
290.12,21.33,284.25,21.25
284.25,21.25,284.37,18.58
245.62,3.67,242.75,3.67
242.75,3.67,242.75,15.67
242.75,15.67,240.25,15.67
240.25,15.67,240.12,21.58
240.12,21.58,241.88,21.58
241.88,21.58,241.75,25.67
241.75,25.67,229.00,25.50
229.00,25.50,227.50,25.50
227.50,25.50,227.75,7.50
227.75,7.50,227.88,0.50
227.75,7.50,204.12,7.42
204.12,7.42,204.12,14.83
204.12,14.83,194.00,14.25
194.00,14.25,194.00,13.25
194.00,13.25,179.62,13.25
179.62,13.25,179.62,10.25
179.62,10.25,174.38,10.25
174.38,10.25,174.50,-5.33
204.12,14.83,204.00,27.83
204.00,27.83,200.38,27.83
200.38,27.83,200.38,31.33
200.38,31.33,186.50,31.33
186.50,31.33,186.50,33.33
186.50,33.33,181.50,33.25
181.50,33.25,181.50,28.33
181.50,28.33,179.62,28.33
179.62,28.33,179.62,13.25
166.62,28.25,179.62,28.33
342.88,2.67,342.88,8.17
342.88,8.17,359.25,8.17
359.25,8.17,359.25,10.67
359.25,10.67, 1.63,10.67
 1.63,10.67, 1.63,13.25
 1.63,13.25, 3.75,13.25
 3.75,13.25, 3.75,21.67
 3.75,21.67, 3.75,22.67
 3.75,22.67, 2.62,22.67
 2.62,22.67, 2.62,28.67
 2.62,28.67, 1.63,28.67
 1.63,28.67, 1.63,32.00
 1.63,32.00,357.75,32.08
357.75,32.08,357.75,32.83
357.75,32.83,354.00,32.83
354.00,32.83,354.00,35.25
354.00,35.25,344.38,35.17
344.38,35.17,343.75,35.17
343.75,35.17,343.75,35.75
343.75,35.75,331.25,35.75
331.25,35.75,331.25,36.58
331.25,36.58,329.37,36.58
329.37,36.58,327.38,36.58
327.38,36.58,327.38,28.58
327.38,28.58,322.75,28.50
31.63,10.50,26.75,10.50
26.75,10.50,26.75,25.58
26.75,25.58,26.75,28.67
26.75,28.67,22.88,28.67
22.88,28.67,22.88,33.67
22.88,33.67,12.37,33.67
12.37,33.67,12.37,24.42
12.37,24.42,14.37,24.42
14.37,24.42,14.37,21.75
14.37,21.75, 3.75,21.67
329.37,36.58,329.37,44.33
329.37,44.33,329.88,44.33
329.88,44.33,329.88,44.58
329.88,44.58,330.75,44.58
330.75,44.58,330.62,53.33
330.62,53.33,330.62,55.50
330.62,55.50,309.87,55.33
309.87,55.33,309.75,61.33
309.75,61.33,308.62,61.33
308.62,61.33,308.62,59.92
308.62,59.92,300.50,59.83
300.50,59.83,296.75,59.83
296.75,59.83,296.75,58.25
296.75,58.25,291.75,58.25
291.75,58.25,291.88,55.75
291.88,55.75,286.88,55.75
286.88,55.75,287.00,47.67
287.00,47.67,288.25,47.67
288.25,47.67,288.37,43.67
288.37,43.67,291.88,43.75
291.88,43.75,292.00,36.75
292.00,36.75,291.50,36.75
291.50,36.75,291.62,30.25
291.62,30.25,290.12,30.17
290.12,30.17,290.12,27.75
276.75,26.17,284.25,26.17
284.25,26.17,284.25,25.67
287.00,47.67,274.25,47.58
274.25,47.58,273.37,47.58
273.37,47.58,273.75,30.08
273.75,30.08,276.62,30.08
276.62,30.08,276.75,26.17
344.38,35.17,344.25,53.17
344.25,53.17,344.25,57.00
344.25,57.00,335.88,56.83
335.88,56.83,335.88,55.67
335.88,55.67,333.12,55.67
333.12,55.67,333.12,53.33
333.12,53.33,330.62,53.33
274.25,47.58,274.25,50.58
274.25,50.58,255.75,50.25
255.75,50.25,255.75,51.25
255.75,51.25,237.13,51.17
237.13,51.17,237.25,39.58
237.25,39.58,246.00,39.67
246.00,39.67,246.12,26.75
246.12,26.75,243.75,26.75
243.75,26.75,243.75,25.67
243.75,25.67,241.75,25.67
237.25,39.58,232.50,39.50
232.50,39.50,232.62,32.50
232.62,32.50,229.00,32.50
229.00,32.50,229.00,25.50
237.13,51.17,237.00,52.67
237.00,52.67,229.50,52.50
229.50,52.50,229.50,55.00
229.50,55.00,217.25,54.92
217.25,54.92,211.62,54.83
211.62,54.83,211.75,47.83
211.75,47.83,211.88,30.08
211.88,30.08,210.75,30.08
210.75,30.08,210.75,27.83
210.75,27.83,204.00,27.83
211.75,47.83,203.75,47.83
203.75,47.83,203.62,52.42
203.62,52.42,182.88,52.42
182.88,52.42,182.75,44.33
182.75,44.33,181.50,44.33
181.50,44.33,181.50,33.25
140.50,33.00,150.12,32.92
150.12,32.92,150.12,27.83
150.12,27.83,159.25,27.83
159.25,27.83,159.25,22.83
159.25,22.83,163.00,22.83
163.00,22.83,163.00,24.75
163.00,24.75,166.62,24.75
166.62,24.75,166.62,28.25
166.62,28.25,166.62,33.33
166.62,33.33,163.50,33.33
163.50,33.33,163.50,39.33
163.50,39.33,154.38,39.33
154.38,39.33,154.38,41.33
154.38,41.33,145.62,41.50
145.62,41.50,145.62,39.17
145.62,39.17,140.62,39.17
140.62,39.17,140.50,33.00
217.25,54.92,217.00,62.42
217.00,62.42,203.50,62.33
203.50,62.33,203.50,63.33
203.50,63.33,181.50,63.33
181.50,63.33,181.50,65.83
181.50,65.83,157.00,65.75
157.00,65.75,157.00,72.75
157.00,72.75,140.50,73.00
140.50,73.00,123.00,73.17
123.00,73.17,122.12,59.67
122.12,59.67,128.75,59.50
128.75,59.50,128.50,46.50
128.50,46.50,139.25,46.50
139.25,46.50,139.25,41.50
139.25,41.50,145.62,41.50
210.75,65.33,235.25,65.67
235.25,65.67,235.00,69.67
235.00,69.67,248.00,69.75
248.00,69.75,247.25,74.83
247.25,74.83,261.25,74.92
261.25,74.92,260.00,79.92
260.00,79.92,267.50,80.00
267.50,80.00,260.50,86.00
260.50,86.00,307.50,86.42
307.50,86.42,306.25,86.67
306.25,86.67,342.50,86.83
342.50,86.83,340.00,88.67
340.00,88.67,135.00,87.67
135.00,87.67,130.00,86.17
130.00,86.17,213.75,86.00
213.75,86.00,217.00,79.50
217.00,79.50,203.75,79.33
203.75,79.33,204.00,76.33
204.00,76.33,196.50,76.33
196.50,76.33,196.25,69.33
196.25,69.33,210.75,69.42
210.75,69.42,210.75,65.33
162.87,-5.33,163.00,6.33
163.00,6.33,145.50,6.42
300.50,59.83,300.50,61.92
300.50,61.92,306.75,62.00
306.75,62.00,306.50,67.42
306.50,67.42,310.50,67.42
310.50,67.42,309.50,75.50
309.50,75.50,302.00,75.33
302.00,75.33,300.50,80.42
300.50,80.42,313.12,80.50
313.12,80.50,307.50,86.42
196.50,76.33,174.50,76.33
174.50,76.33,174.50,79.33
174.50,79.33,162.50,79.33
162.50,79.33,162.75,81.42
162.75,81.42,141.25,81.50
141.25,81.50,140.50,73.00
344.25,57.00,344.12,59.75
344.12,59.75,348.75,59.75
348.75,59.75,348.75,63.67
348.75,63.67,355.00,63.67
355.00,63.67,355.00,66.67
355.00,66.67, 6.75,66.67
 6.75,66.67, 6.50,77.67
 6.50,77.67,55.25,77.42
55.25,77.42,56.50,77.42
56.50,77.42,57.50,80.42
57.50,80.42,80.00,80.17
80.00,80.17,83.75,85.17
83.75,85.17,127.50,84.67
127.50,84.67,130.00,86.17
123.00,6.67,120.50,6.67
120.50,6.67,120.50,9.67
120.50,9.67,118.88,9.67
118.88,9.67,118.88,13.17
118.88,13.17,114.12,13.17
114.12,13.17,114.12,12.25
114.12,12.25,106.75,12.25
106.75,12.25,106.75,9.83
140.50,6.50,140.50,33.00
140.50,33.00,121.88,33.17
121.88,33.17,121.88,27.67
121.88,27.67,120.12,27.67
120.12,27.67,120.12,19.67
120.12,19.67,119.00,19.67
119.00,19.67,118.88,13.17
344.25,53.17,351.38,53.17
351.38,53.17,351.38,50.67
351.38,50.67,355.25,50.67
355.25,50.67,355.25,48.67
355.25,48.67, 4.12,48.67
 4.12,48.67, 4.12,46.67
 4.12,46.67,14.62,46.67
14.62,46.67,14.62,48.67
14.62,48.67,18.50,48.67
18.50,48.67,18.50,50.67
18.50,50.67,22.50,50.67
22.50,50.67,22.50,54.58
22.50,54.58,27.50,54.58
27.50,54.58,27.50,58.08
27.50,58.08,31.63,58.08
31.63,58.08,31.63,59.08
31.63,59.08,38.75,59.08
38.75,59.08,38.75,57.50
38.75,57.50,48.75,57.50
121.88,33.17,118.25,33.17
118.25,33.17,118.25,35.25
118.25,35.25,112.50,35.25
112.50,35.25,100.00,35.33
100.00,35.33,100.00,27.83
100.00,27.83,90.12,28.00
90.12,28.00,90.12,22.83
90.12,22.83,90.12,21.50
90.12,21.50,95.00,21.50
95.00,21.50,95.12,17.50
95.12,17.50,96.50,17.50
96.50,17.50,96.38,11.92
122.12,59.67,107.63,59.75
107.63,59.75,107.63,61.75
107.63,61.75,94.38,61.92
94.38,61.92,94.12,56.00
94.12,56.00,94.12,53.92
94.12,53.92,100.00,53.92
100.00,53.92,100.00,49.83
100.00,49.83,104.38,49.83
104.38,49.83,104.25,44.33
104.25,44.33,112.62,44.25
112.62,44.25,112.50,35.25
51.00,10.33,51.00,19.50
51.00,19.50,52.25,19.50
52.25,19.50,52.38,31.17
52.38,31.17,42.62,31.17
42.62,31.17,38.00,31.17
38.00,31.17,38.00,27.75
38.00,27.75,30.50,27.83
30.50,27.83,30.50,25.58
30.50,25.58,26.75,25.58
52.13,52.92,72.88,52.75
72.88,52.75,77.75,52.75
77.75,52.75,77.75,56.17
77.75,56.17,94.12,56.00
55.25,77.42,54.12,68.50
54.12,68.50,49.25,68.50
49.25,68.50,48.75,57.50
48.75,57.50,49.75,57.50
49.75,57.50,49.75,55.50
49.75,55.50,52.13,55.50
52.13,55.50,52.13,52.92
22.88,33.67,22.88,35.67
22.88,35.67,31.88,35.67
31.88,35.67,31.88,37.42
31.88,37.42,39.62,37.33
39.62,37.33,39.88,51.08
39.88,51.08,32.75,51.08
32.75,51.08,32.62,47.67
32.62,47.67,26.75,47.67
26.75,47.67,26.75,50.67
26.75,50.67,18.50,50.67
42.62,31.17,42.62,34.58
42.62,34.58,40.62,34.58
90.12,22.83,87.38,22.83
87.38,22.83,87.38,18.08
87.38,18.08,88.38,18.08
88.38,18.08,88.38,12.50
88.38,12.50,85.75,12.50
85.75,12.50,85.75,15.58
85.75,15.58,81.88,15.67
81.88,15.67,81.88,16.17
81.88,16.17,76.75,16.17
76.75,16.17,76.75,15.67
76.75,15.67,71.12,15.67
71.12,15.67,70.88,0.25
90.12,22.83,90.12,28.50
90.12,28.50,73.25,28.75
73.25,28.75,73.25,30.25
73.25,30.25,69.38,30.25
69.38,30.25,69.38,30.92
69.38,30.92,52.38,31.17
69.38,30.92,69.38,36.25
69.38,36.25,72.38,36.25
72.38,36.25,72.88,52.75
39.62,37.33,40.62,37.33
40.62,37.33,40.62,34.58
40.62,34.58,42.62,34.58
42.62,34.58, 0.00,0.00
